seed	n_val	n_test	n_full	gt_in_prompt	errorprobe_step@1_val	errorprobe_step@1_test	errorprobe_step@1_full	errorprobe_agent@1_val	errorprobe_agent@1_test	errorprobe_agent@1_full	errorprobe_bt_step@1_val	errorprobe_bt_step@1_test	errorprobe_bt_step@1_full	errorprobe_bt_agent@1_val	errorprobe_bt_agent@1_test	errorprobe_bt_agent@1_full	errorprobe_paper_step@1_val	errorprobe_paper_step@1_test	errorprobe_paper_step@1_full	errorprobe_paper_agent@1_val	errorprobe_paper_agent@1_test	errorprobe_paper_agent@1_full	baseline_best_step@1_test	baseline_best_agent@1_test	baseline_best_step@1_full	baseline_best_agent@1_full
1	10	25	50	True													0.8	0.4	0.52	0.8	0.56	0.66	0.4	0.56	0.52	0.66
2	10	25	50	True													0.5	0.44	0.52	0.6	0.64	0.66	0.44	0.64	0.52	0.66
3	10	25	50	True													0.3	0.56	0.52	0.4	0.72	0.66	0.56	0.72	0.52	0.66
